Computing...
33
h =  0.3 tau =  2
50
h =  0.2 tau =  2
100
h =  0.1 tau =  2
1000
h =  0.01 tau =  2
10000
h =  0.001 tau =  2
   0.3    |   0.2    |   0.1    |   0.01   |  0.001   |
 300.000  | 300.000  | 300.000  | 300.000  | 300.000  |
 721.336  | 733.383  | 738.250  | 735.477  | 703.752  |
 961.950  | 973.687  | 977.373  | 971.992  | 920.840  |
 1056.921 | 1067.846 | 1070.772 | 1064.283 | 1005.188 |
 1068.491 | 1078.823 | 1081.428 | 1074.689 | 1013.938 |
 1032.692 | 1042.593 | 1045.132 | 1038.630 | 979.796  |
 971.429  | 980.940  | 983.527  | 977.529  | 922.640  |
 898.420  | 907.494  | 910.147  | 904.786  | 854.917  |
 822.282  | 830.827  | 833.511  | 828.830  | 784.443  |
 748.312  | 756.230  | 758.881  | 754.869  | 716.024  |
 679.600  | 686.804  | 689.354  | 685.968  | 652.462  |
 617.749  | 624.186  | 626.573  | 623.751  | 595.218  |
 563.382  | 569.030  | 571.209  | 568.882  | 544.858  |
 516.479  | 521.352  | 523.294  | 521.393  | 501.371  |
 476.630  | 480.768  | 482.462  | 480.920  | 464.386  |
 443.201  | 446.663  | 448.114  | 446.870  | 433.327  |
 415.459  | 418.315  | 419.535  | 418.537  | 407.526  |
 392.644  | 394.970  | 395.980  | 395.183  | 386.286  |
 374.028  | 375.899  | 376.722  | 376.087  | 368.940  |
 358.939  | 360.425  | 361.087  | 360.583  | 354.869  |
 346.781  | 347.945  | 348.469  | 348.069  | 343.521  |
 337.031  | 337.930  | 338.340  | 338.023  | 334.416  |
 329.248  | 329.930  | 330.245  | 329.994  | 327.142  |
 323.057  | 323.564  | 323.801  | 323.602  | 321.354  |
 318.150  | 318.516  | 318.690  | 318.531  | 316.764  |
 314.271  | 314.525  | 314.647  | 314.521  | 313.135  |
 311.213  | 311.377  | 311.459  | 311.359  | 310.274  |
 308.808  | 308.901  | 308.951  | 308.870  | 308.022  |
 306.921  | 306.957  | 306.982  | 306.916  | 306.255  |
 305.442  | 305.435  | 305.439  | 305.386  | 304.870  |
 304.286  | 304.244  | 304.232  | 304.188  | 303.787  |
 303.383  | 303.314  | 303.290  | 303.253  | 302.942  |
Computing...
33
h =  0.3 tau =  1
50
h =  0.2 tau =  1
100
h =  0.1 tau =  1
1000
h =  0.01 tau =  1
10000
h =  0.001 tau =  1
   0.3    |   0.2    |   0.1    |   0.01   |  0.001   |
 300.000  | 300.000  | 300.000  | 300.000  | 300.000  |
 517.405  | 527.533  | 532.444  | 532.474  | 524.726  |
 720.832  | 732.815  | 737.723  | 736.586  | 720.489  |
 865.006  | 877.078  | 881.432  | 879.354  | 857.294  |
 961.872  | 973.613  | 977.427  | 974.687  | 948.627  |
 1022.975 | 1034.313 | 1037.705 | 1034.531 | 1005.907 |
 1057.051 | 1068.020 | 1071.113 | 1067.677 | 1037.542 |
 1070.644 | 1081.301 | 1084.199 | 1080.633 | 1049.769 |
 1068.736 | 1079.132 | 1081.916 | 1078.318 | 1047.316 |
 1055.176 | 1065.350 | 1068.080 | 1064.525 | 1033.832 |
 1032.982 | 1042.955 | 1045.673 | 1042.216 | 1012.170 |
 1004.534 | 1014.314 | 1017.045 | 1013.726 | 984.582  |
 971.720  | 981.303  | 984.060  | 980.908  | 952.854  |
 936.040  | 945.413  | 948.199  | 945.231  | 918.403  |
 898.685  | 907.828  | 910.639  | 907.866  | 882.355  |
 860.595  | 869.484  | 872.309  | 869.736  | 845.603  |
 822.508  | 831.118  | 833.943  | 831.570  | 808.843  |
 784.997  | 793.301  | 796.110  | 793.933  | 772.621  |
 748.497  | 756.472  | 759.248  | 757.259  | 737.353  |
 713.335  | 720.958  | 723.684  | 721.876  | 703.348  |
 679.745  | 686.999  | 689.657  | 688.020  | 670.834  |
 647.887  | 654.758  | 657.333  | 655.855  | 639.965  |
 617.860  | 624.339  | 626.818  | 625.488  | 610.841  |
 589.715  | 595.797  | 598.169  | 596.976  | 583.512  |
 563.464  | 569.147  | 571.404  | 570.336  | 557.993  |
 539.086  | 544.375  | 546.509  | 545.555  | 534.269  |
 516.539  | 521.441  | 523.448  | 522.596  | 512.303  |
 495.759  | 500.284  | 502.162  | 501.404  | 492.037  |
 476.673  | 480.834  | 482.582  | 481.908  | 473.402  |
 459.194  | 463.006  | 464.626  | 464.027  | 456.319  |
 443.232  | 446.712  | 448.206  | 447.675  | 440.704  |
 428.692  | 431.859  | 433.231  | 432.760  | 426.467  |
 415.480  | 418.351  | 419.606  | 419.188  | 413.518  |
 403.500  | 406.095  | 407.239  | 406.868  | 401.766  |
 392.659  | 394.997  | 396.035  | 395.707  | 391.124  |
 382.867  | 384.967  | 385.906  | 385.615  | 381.504  |
 374.038  | 375.918  | 376.765  | 376.507  | 372.823  |
 366.091  | 367.768  | 368.528  | 368.300  | 365.004  |
 358.947  | 360.439  | 361.120  | 360.917  | 357.972  |
 352.534  | 353.858  | 354.465  | 354.284  | 351.655  |
 346.786  | 347.955  | 348.495  | 348.334  | 345.990  |
 341.638  | 342.669  | 343.146  | 343.004  | 340.914  |
 337.035  | 337.938  | 338.359  | 338.233  | 336.373  |
 332.922  | 333.711  | 334.081  | 333.968  | 332.314  |
 329.250  | 329.936  | 330.260  | 330.159  | 328.689  |
 325.976  | 326.570  | 326.851  | 326.761  | 325.455  |
 323.059  | 323.569  | 323.813  | 323.732  | 322.573  |
 320.462  | 320.897  | 321.107  | 321.034  | 320.006  |
 318.151  | 318.520  | 318.699  | 318.634  | 317.722  |
 316.097  | 316.406  | 316.557  | 316.499  | 315.691  |
 314.272  | 314.527  | 314.654  | 314.601  | 313.887  |
 312.652  | 312.859  | 312.964  | 312.917  | 312.284  |
 311.214  | 311.379  | 311.465  | 311.421  | 310.862  |
 309.939  | 310.066  | 310.134  | 310.095  | 309.600  |
 308.809  | 308.903  | 308.955  | 308.919  | 308.482  |
 307.808  | 307.872  | 307.910  | 307.877  | 307.491  |
 306.921  | 306.959  | 306.985  | 306.955  | 306.613  |
 306.137  | 306.151  | 306.166  | 306.138  | 305.837  |
 305.442  | 305.436  | 305.441  | 305.415  | 305.150  |
Finish.
Computing...
33
h =  0.3 tau =  0.1
50
h =  0.2 tau =  0.1
100
h =  0.1 tau =  0.1
1000
h =  0.01 tau =  0.1
10000
h =  0.001 tau =  0.1
   0.3    |   0.2    |   0.1    |   0.01   |  0.001   |
 300.000  | 300.000  | 300.000  | 300.000  | 300.000  |
 308.355  | 310.311  | 312.058  | 312.474  | 312.456  |
 325.748  | 329.601  | 332.134  | 332.669  | 332.604  |
 347.143  | 352.323  | 355.411  | 356.042  | 355.911  |
 370.454  | 376.689  | 380.240  | 380.940  | 380.731  |
 394.694  | 401.830  | 405.761  | 406.506  | 406.210  |
 419.317  | 427.234  | 431.471  | 432.240  | 431.851  |
 443.985  | 452.578  | 457.054  | 457.830  | 457.346  |
 468.473  | 477.645  | 482.307  | 483.076  | 482.496  |
 492.625  | 502.291  | 507.095  | 507.847  | 507.170  |
 516.333  | 526.420  | 531.327  | 532.055  | 531.281  |
 539.520  | 549.964  | 554.946  | 555.643  | 554.774  |
 562.136  | 572.882  | 577.913  | 578.576  | 577.612  |
 584.146  | 595.146  | 600.208  | 600.833  | 599.777  |
 605.528  | 616.744  | 621.818  | 622.404  | 621.257  |
 626.271  | 637.667  | 642.742  | 643.286  | 642.052  |
 646.371  | 657.917  | 662.981  | 663.482  | 662.163  |
 665.827  | 677.499  | 682.543  | 683.001  | 681.599  |
 684.646  | 696.420  | 701.437  | 701.851  | 700.369  |
 702.834  | 714.693  | 719.676  | 720.046  | 718.487  |
 720.401  | 732.328  | 737.272  | 737.599  | 735.965  |
 737.360  | 749.340  | 754.242  | 754.526  | 752.819  |
 753.722  | 765.743  | 770.599  | 770.841  | 769.065  |
 769.501  | 781.552  | 786.359  | 786.560  | 784.717  |
 784.711  | 796.782  | 801.539  | 801.699  | 799.791  |
 799.366  | 811.448  | 816.154  | 816.274  | 814.303  |
 813.480  | 825.567  | 830.219  | 830.300  | 828.270  |
 827.067  | 839.152  | 843.751  | 843.794  | 841.706  |
 840.142  | 852.219  | 856.763  | 856.769  | 854.626  |
 852.717  | 864.782  | 869.272  | 869.242  | 867.046  |
 864.807  | 876.855  | 881.292  | 881.227  | 878.979  |
 876.426  | 888.453  | 892.836  | 892.737  | 890.440  |
 887.585  | 899.589  | 903.918  | 903.786  | 901.442  |
 898.299  | 910.277  | 914.553  | 914.389  | 911.999  |
 908.579  | 920.528  | 924.752  | 924.557  | 922.124  |
 918.437  | 930.356  | 934.528  | 934.304  | 931.829  |
 927.886  | 939.772  | 943.894  | 943.641  | 941.126  |
 936.937  | 948.789  | 952.861  | 952.581  | 950.028  |
 945.601  | 957.418  | 961.442  | 961.134  | 958.544  |
 953.888  | 965.670  | 969.646  | 969.312  | 966.687  |
 961.810  | 973.555  | 977.484  | 977.126  | 974.467  |
 969.377  | 981.084  | 984.968  | 984.586  | 981.895  |
 976.597  | 988.267  | 992.107  | 991.702  | 988.980  |
 983.482  | 995.113  | 998.910  | 998.483  | 995.732  |
 990.040  | 1001.633 | 1005.388 | 1004.940 | 1002.161 |
 996.281  | 1007.835 | 1011.549 | 1011.081 | 1008.275 |
 1002.212 | 1013.728 | 1017.403 | 1016.915 | 1014.083 |
 1007.843 | 1019.321 | 1022.957 | 1022.451 | 1019.595 |
 1013.182 | 1024.621 | 1028.221 | 1027.697 | 1024.818 |
 1018.237 | 1029.638 | 1033.202 | 1032.661 | 1029.760 |
 1023.016 | 1034.379 | 1037.908 | 1037.351 | 1034.429 |
 1027.526 | 1038.852 | 1042.347 | 1041.775 | 1038.833 |
 1031.775 | 1043.064 | 1046.526 | 1045.939 | 1042.978 |
 1035.769 | 1047.021 | 1050.453 | 1049.852 | 1046.873 |
 1039.516 | 1050.732 | 1054.133 | 1053.520 | 1050.524 |
 1043.023 | 1054.203 | 1057.575 | 1056.949 | 1053.937 |
 1046.296 | 1057.441 | 1060.785 | 1060.147 | 1057.120 |
 1049.341 | 1060.451 | 1063.768 | 1063.119 | 1060.078 |
 1052.164 | 1063.240 | 1066.532 | 1065.872 | 1062.818 |
 1054.773 | 1065.815 | 1069.082 | 1068.412 | 1065.346 |
 1057.172 | 1068.181 | 1071.424 | 1070.745 | 1067.667 |
Finish.
Computing...
33
h =  0.3 tau =  0.05
50
h =  0.2 tau =  0.05
100
h =  0.1 tau =  0.05
1000
h =  0.01 tau =  0.05
10000
h =  0.001 tau =  0.05
   0.3    |   0.2    |   0.1    |   0.01   |  0.001   |
 300.000  | 300.000  | 300.000  | 300.000  | 300.000  |
 302.437  | 303.205  | 304.227  | 304.570  | 304.568  |
 308.239  | 310.201  | 311.962  | 312.380  | 312.371  |
 316.215  | 319.227  | 321.431  | 321.911  | 321.893  |
 325.622  | 329.487  | 332.025  | 332.563  | 332.532  |
 335.991  | 340.565  | 343.392  | 343.984  | 343.936  |
 347.024  | 352.211  | 355.302  | 355.939  | 355.875  |
 358.521  | 364.258  | 367.589  | 368.267  | 368.183  |
 370.344  | 376.583  | 380.135  | 380.846  | 380.743  |
 382.394  | 389.098  | 392.850  | 393.588  | 393.463  |
 394.594  | 401.732  | 405.664  | 406.423  | 406.276  |
 406.887  | 414.429  | 418.522  | 419.298  | 419.128  |
 419.226  | 427.144  | 431.381  | 432.169  | 431.976  |
 431.575  | 439.843  | 444.207  | 445.003  | 444.786  |
 443.904  | 452.495  | 456.972  | 457.772  | 457.531  |
 456.185  | 465.078  | 469.654  | 470.453  | 470.188  |
 468.400  | 477.570  | 482.233  | 483.030  | 482.741  |
 480.529  | 489.957  | 494.694  | 495.487  | 495.173  |
 492.559  | 502.224  | 507.027  | 507.812  | 507.474  |
 504.477  | 514.360  | 519.220  | 519.996  | 519.634  |
 516.273  | 526.358  | 531.265  | 532.031  | 531.644  |
 527.939  | 538.209  | 543.157  | 543.911  | 543.500  |
 539.467  | 549.908  | 554.889  | 555.630  | 555.195  |
 550.851  | 561.450  | 566.459  | 567.185  | 566.726  |
 562.088  | 572.831  | 577.862  | 578.573  | 578.090  |
 573.172  | 584.048  | 589.097  | 589.791  | 589.285  |
 584.102  | 595.100  | 600.161  | 600.839  | 600.310  |
 594.875  | 605.984  | 611.055  | 611.715  | 611.163  |
 605.489  | 616.701  | 621.776  | 622.418  | 621.843  |
 615.942  | 627.249  | 632.326  | 632.949  | 632.352  |
 626.235  | 637.628  | 642.703  | 643.308  | 642.689  |
 636.367  | 647.838  | 652.910  | 653.496  | 652.855  |
 646.338  | 657.881  | 662.946  | 663.512  | 662.850  |
 656.148  | 667.756  | 672.813  | 673.359  | 672.677  |
 665.797  | 677.465  | 682.511  | 683.038  | 682.334  |
 675.287  | 687.009  | 692.042  | 692.549  | 691.826  |
 684.618  | 696.390  | 701.408  | 701.895  | 701.151  |
 693.791  | 705.607  | 710.609  | 711.077  | 710.314  |
 702.808  | 714.664  | 719.649  | 720.097  | 719.314  |
 711.670  | 723.562  | 728.528  | 728.956  | 728.154  |
 720.378  | 732.301  | 737.248  | 737.656  | 736.836  |
 728.933  | 740.885  | 745.811  | 746.200  | 745.361  |
 737.338  | 749.315  | 754.219  | 754.589  | 753.732  |
 745.594  | 757.593  | 762.475  | 762.824  | 761.950  |
 753.702  | 765.720  | 770.579  | 770.909  | 770.017  |
 761.665  | 773.698  | 778.533  | 778.845  | 777.936  |
 769.483  | 781.530  | 786.341  | 786.633  | 785.707  |
 777.159  | 789.218  | 794.004  | 794.277  | 793.334  |
 784.694  | 796.762  | 801.523  | 801.777  | 800.819  |
 792.091  | 804.166  | 808.901  | 809.137  | 808.162  |
 799.350  | 811.430  | 816.139  | 816.357  | 815.367  |
 806.475  | 818.558  | 823.240  | 823.440  | 822.435  |
 813.466  | 825.550  | 830.206  | 830.388  | 829.368  |
 820.325  | 832.409  | 837.038  | 837.203  | 836.168  |
 827.054  | 839.136  | 843.739  | 843.886  | 842.837  |
 833.655  | 845.734  | 850.310  | 850.440  | 849.376  |
 840.129  | 852.204  | 856.753  | 856.866  | 855.789  |
 846.479  | 858.549  | 863.071  | 863.166  | 862.076  |
 852.706  | 864.769  | 869.264  | 869.343  | 868.239  |
 858.811  | 870.866  | 875.334  | 875.397  | 874.280  |
 864.797  | 876.843  | 881.284  | 881.331  | 880.201  |
 870.664  | 882.701  | 887.115  | 887.146  | 886.004  |
 876.416  | 888.442  | 892.830  | 892.845  | 891.690  |
 882.053  | 894.068  | 898.428  | 898.428  | 897.262  |
 887.576  | 899.579  | 903.913  | 903.898  | 902.720  |
 892.988  | 904.979  | 909.286  | 909.256  | 908.066  |
 898.291  | 910.268  | 914.549  | 914.504  | 913.303  |
 903.484  | 915.447  | 919.703  | 919.643  | 918.431  |
 908.571  | 920.520  | 924.749  | 924.676  | 923.452  |
 913.553  | 925.487  | 929.690  | 929.603  | 928.369  |
 918.431  | 930.349  | 934.527  | 934.426  | 933.181  |
 923.206  | 935.108  | 939.261  | 939.146  | 937.892  |
 927.880  | 939.766  | 943.894  | 943.766  | 942.501  |
 932.455  | 944.324  | 948.427  | 948.286  | 947.012  |
 936.932  | 948.784  | 952.862  | 952.708  | 951.425  |
 941.312  | 953.147  | 957.200  | 957.034  | 955.741  |
 945.596  | 957.414  | 961.443  | 961.265  | 959.962  |
 949.787  | 961.586  | 965.592  | 965.401  | 964.090  |
 953.885  | 965.666  | 969.648  | 969.446  | 968.126  |
 957.891  | 969.654  | 973.613  | 973.399  | 972.070  |
 961.807  | 973.552  | 977.488  | 977.262  | 975.925  |
 965.634  | 977.361  | 981.274  | 981.037  | 979.692  |
 969.374  | 981.082  | 984.972  | 984.724  | 983.371  |
 973.027  | 984.716  | 988.584  | 988.326  | 986.965  |
 976.596  | 988.265  | 992.112  | 991.843  | 990.474  |
 980.080  | 991.730  | 995.555  | 995.276  | 993.899  |
 983.481  | 995.113  | 998.916  | 998.626  | 997.243  |
 986.800  | 998.413  | 1002.196 | 1001.896 | 1000.505 |
 990.040  | 1001.633 | 1005.395 | 1005.085 | 1003.687 |
 993.199  | 1004.773 | 1008.515 | 1008.196 | 1006.791 |
 996.280  | 1007.836 | 1011.557 | 1011.228 | 1009.817 |
 999.285  | 1010.820 | 1014.522 | 1014.184 | 1012.766 |
 1002.213 | 1013.729 | 1017.411 | 1017.065 | 1015.640 |
 1005.065 | 1016.563 | 1020.226 | 1019.870 | 1018.440 |
 1007.844 | 1019.323 | 1022.966 | 1022.603 | 1021.166 |
 1010.550 | 1022.009 | 1025.634 | 1025.262 | 1023.820 |
 1013.184 | 1024.624 | 1028.231 | 1027.850 | 1026.402 |
 1015.747 | 1027.168 | 1030.756 | 1030.368 | 1028.914 |
 1018.239 | 1029.642 | 1033.212 | 1032.816 | 1031.357 |
 1020.663 | 1032.046 | 1035.600 | 1035.196 | 1033.731 |
 1023.018 | 1034.383 | 1037.919 | 1037.508 | 1036.038 |
 1025.307 | 1036.653 | 1040.172 | 1039.754 | 1038.279 |
 1027.529 | 1038.856 | 1042.359 | 1041.934 | 1040.454 |
Computing...
33
h =  0.3 tau =  0.01
50
h =  0.2 tau =  0.01
100
h =  0.1 tau =  0.01
1000
h =  0.01 tau =  0.01
10000
h =  0.001 tau =  0.01
   0.3    |   0.2    |   0.1    |   0.01   |  0.001   |
 300.000  | 300.000  | 300.000  | 300.000  | 300.000  |
Computing...
33
h =  0.3 tau =  0.01
50
h =  0.2 tau =  0.01
100
h =  0.1 tau =  0.01
1000
h =  0.01 tau =  0.01
Computing...
33
h =  0.3 tau =  0.01
50
h =  0.2 tau =  0.01
100
h =  0.1 tau =  0.01
1000
h =  0.01 tau =  0.01
   0.3    |   0.2    |   0.1    |   0.01   |
 300.000  | 300.000  | 300.000  | 300.000  |
 300.122  | 300.163  | 300.276  | 300.420  |
 300.435  | 300.594  | 300.932  | 301.170  |
 300.924  | 301.282  | 301.838  | 302.129  |
 301.573  | 302.132  | 302.928  | 303.252  |
 302.369  | 303.152  | 304.164  | 304.510  |
 303.299  | 304.319  | 305.521  | 305.884  |
 304.352  | 305.614  | 306.983  | 307.362  |
 305.516  | 307.022  | 308.537  | 308.930  |
 306.784  | 308.529  | 310.173  | 310.580  |
 308.146  | 310.125  | 311.884  | 312.304  |
 309.662  | 311.800  | 313.663  | 314.095  |
 311.184  | 313.545  | 315.503  | 315.948  |
 312.779  | 315.355  | 317.400  | 317.858  |
 314.441  | 317.223  | 319.349  | 319.819  |
 316.165  | 319.144  | 321.346  | 321.829  |
 317.946  | 321.114  | 323.387  | 323.882  |
 319.779  | 323.127  | 325.470  | 325.977  |
 321.661  | 325.182  | 327.591  | 328.110  |
 323.588  | 327.274  | 329.747  | 330.278  |
 325.556  | 329.402  | 331.937  | 332.478  |
 327.562  | 331.561  | 334.157  | 334.710  |
 329.604  | 333.751  | 336.405  | 336.969  |
 331.679  | 335.968  | 338.681  | 339.255  |
 333.785  | 338.211  | 340.981  | 341.566  |
 335.918  | 340.479  | 343.408  | 343.899  |
 338.079  | 342.769  | 345.737  | 346.254  |
 340.263  | 345.080  | 348.092  | 348.628  |
 342.471  | 347.410  | 350.576  | 351.021  |
 344.700  | 349.759  | 352.956  | 353.431  |
 346.948  | 352.125  | 355.358  | 355.857  |
 349.216  | 354.507  | 357.778  | 358.297  |
 351.500  | 356.904  | 360.215  | 360.752  |
 353.800  | 359.314  | 362.666  | 363.219  |
 356.116  | 361.737  | 365.130  | 365.698  |
 358.445  | 364.173  | 367.606  | 368.187  |
 360.787  | 366.619  | 370.210  | 370.687  |
 363.142  | 369.198  | 372.691  | 373.196  |
 365.507  | 371.653  | 375.186  | 375.713  |
 367.883  | 374.119  | 377.693  | 378.239  |
 370.269  | 376.594  | 380.209  | 380.771  |
 372.664  | 379.078  | 382.733  | 383.310  |
 375.067  | 381.570  | 385.613  | 385.854  |
 377.477  | 384.069  | 388.106  | 388.404  |
 380.016  | 386.574  | 390.618  | 390.959  |
 382.433  | 389.085  | 393.144  | 393.517  |
 384.856  | 391.601  | 395.679  | 396.080  |
 387.286  | 394.121  | 398.220  | 398.645  |
 389.721  | 396.646  | 400.767  | 401.214  |
 392.162  | 399.174  | 403.318  | 403.784  |
 394.606  | 401.706  | 405.872  | 406.357  |
 397.055  | 404.240  | 408.429  | 408.931  |
 399.508  | 406.776  | 410.989  | 411.507  |
 401.963  | 409.314  | 413.551  | 414.083  |
 404.422  | 411.854  | 416.114  | 416.660  |
 406.883  | 414.395  | 418.678  | 419.236  |
 409.346  | 416.937  | 421.242  | 421.813  |
 411.810  | 419.480  | 423.807  | 424.389  |
 414.276  | 422.022  | 426.372  | 426.965  |
 416.743  | 424.565  | 428.936  | 429.539  |
 419.211  | 427.107  | 431.500  | 432.113  |
 421.680  | 429.648  | 434.062  | 434.684  |
 424.149  | 432.189  | 436.624  | 437.254  |
 426.617  | 434.729  | 439.184  | 439.822  |
 429.086  | 437.267  | 441.742  | 442.388  |
 431.554  | 439.803  | 444.413  | 444.951  |
 434.021  | 442.338  | 447.065  | 447.512  |
 436.487  | 444.871  | 449.597  | 450.070  |
 438.952  | 447.401  | 452.131  | 452.625  |
 441.415  | 449.929  | 454.777  | 455.177  |
 443.877  | 452.454  | 457.414  | 457.725  |
 446.337  | 454.977  | 460.050  | 460.270  |
 448.795  | 457.497  | 462.661  | 462.811  |
 451.251  | 460.013  | 465.154  | 465.349  |
 453.705  | 462.526  | 467.652  | 467.882  |
 456.156  | 465.036  | 470.152  | 470.412  |
 458.604  | 467.542  | 472.651  | 472.937  |
 461.050  | 470.045  | 475.149  | 475.458  |
 463.493  | 472.543  | 477.644  | 477.974  |
 465.932  | 475.038  | 480.137  | 480.486  |
 468.369  | 477.529  | 482.626  | 482.993  |
 470.802  | 480.015  | 485.222  | 485.495  |
 473.231  | 482.497  | 487.693  | 487.993  |
 475.657  | 484.974  | 490.163  | 490.485  |
 478.079  | 487.447  | 492.631  | 492.973  |
 480.497  | 489.915  | 495.204  | 495.455  |
 482.912  | 492.379  | 497.882  | 497.932  |
 485.322  | 494.837  | 500.532  | 500.403  |
 487.728  | 497.291  | 502.938  | 502.869  |
 490.129  | 499.739  | 505.351  | 505.330  |
 492.527  | 502.183  | 507.767  | 507.785  |
 494.920  | 504.621  | 510.183  | 510.234  |
 497.308  | 507.054  | 512.596  | 512.678  |
 499.692  | 509.482  | 515.007  | 515.115  |
 502.071  | 511.904  | 517.414  | 517.547  |
 504.445  | 514.321  | 519.816  | 519.973  |
 506.814  | 516.732  | 522.215  | 522.393  |
 509.179  | 519.137  | 524.723  | 524.807  |
 511.538  | 521.537  | 527.099  | 527.215  |
 513.892  | 523.931  | 529.474  | 529.617  |
 516.241  | 526.319  | 531.955  | 532.012  |
 518.585  | 528.701  | 534.313  | 534.402  |
 520.924  | 531.078  | 536.669  | 536.785  |
 523.257  | 533.448  | 539.126  | 539.162  |
 525.585  | 535.813  | 541.570  | 541.532  |
 527.907  | 538.171  | 544.009  | 543.896  |
 530.224  | 540.523  | 546.324  | 546.254  |
 532.536  | 542.870  | 548.639  | 548.605  |
 534.842  | 545.210  | 550.954  | 550.950  |
 537.142  | 547.543  | 553.265  | 553.288  |
 539.436  | 549.871  | 555.682  | 555.619  |
 541.725  | 552.192  | 557.972  | 557.945  |
 544.008  | 554.507  | 560.261  | 560.263  |
 546.285  | 556.816  | 562.547  | 562.575  |
 548.556  | 559.118  | 564.829  | 564.880  |
 550.821  | 561.414  | 567.209  | 567.178  |
 553.081  | 563.703  | 569.471  | 569.470  |
 555.334  | 565.986  | 571.830  | 571.755  |
 557.582  | 568.262  | 574.076  | 574.034  |
 559.823  | 570.532  | 576.320  | 576.305  |
 562.059  | 572.796  | 578.664  | 578.570  |
 564.288  | 575.053  | 580.889  | 580.828  |
 566.511  | 577.303  | 583.112  | 583.079  |
 568.728  | 579.547  | 585.332  | 585.324  |
 570.939  | 581.784  | 587.547  | 587.561  |
 573.144  | 584.014  | 589.757  | 589.792  |
 575.343  | 586.238  | 591.961  | 592.016  |
 577.535  | 588.455  | 594.363  | 594.233  |
 579.721  | 590.666  | 596.536  | 596.444  |
 581.901  | 592.870  | 598.709  | 598.647  |
 584.075  | 595.067  | 600.981  | 600.843  |
 586.242  | 597.258  | 603.238  | 603.033  |
 588.403  | 599.442  | 605.382  | 605.216  |
 590.558  | 601.619  | 607.526  | 607.392  |
 592.706  | 603.789  | 609.873  | 609.561  |
 594.848  | 605.953  | 611.988  | 611.723  |
 596.984  | 608.110  | 614.402  | 613.878  |
 599.113  | 610.260  | 616.488  | 616.026  |
 601.236  | 612.404  | 618.580  | 618.167  |
 603.353  | 614.540  | 620.672  | 620.302  |
 605.463  | 616.670  | 622.763  | 622.430  |
 607.567  | 618.794  | 624.851  | 624.550  |
 609.664  | 620.910  | 627.028  | 626.664  |
 611.755  | 623.020  | 629.098  | 628.771  |
 613.839  | 625.123  | 631.165  | 630.871  |
 615.917  | 627.219  | 633.229  | 632.964  |
 617.989  | 629.309  | 635.288  | 635.050  |
 620.054  | 631.391  | 637.342  | 637.129  |
 622.113  | 633.468  | 639.391  | 639.202  |
 624.165  | 635.537  | 641.434  | 641.267  |
 626.211  | 637.599  | 643.572  | 643.326  |
 628.251  | 639.655  | 645.593  | 645.378  |
 630.284  | 641.704  | 647.611  | 647.423  |
 632.310  | 643.746  | 649.626  | 649.461  |
 634.330  | 645.782  | 651.636  | 651.492  |
 636.344  | 647.811  | 653.640  | 653.517  |
 638.351  | 649.833  | 655.639  | 655.534  |
 640.352  | 651.848  | 657.725  | 657.545  |
 642.346  | 653.857  | 659.703  | 659.549  |
 644.334  | 655.859  | 661.678  | 661.546  |
 646.315  | 657.854  | 663.648  | 663.536  |
 648.290  | 659.843  | 665.613  | 665.520  |
 650.259  | 661.825  | 667.573  | 667.497  |
 652.221  | 663.800  | 669.620  | 669.467  |
 654.177  | 665.769  | 671.558  | 671.430  |
 656.126  | 667.731  | 673.494  | 673.386  |
 658.069  | 669.686  | 675.516  | 675.336  |
 660.005  | 671.635  | 677.433  | 677.279  |
 661.935  | 673.577  | 679.438  | 679.215  |
 663.859  | 675.605  | 681.339  | 681.145  |
 665.776  | 677.528  | 683.238  | 683.068  |
 667.687  | 679.445  | 685.133  | 684.984  |
 669.592  | 681.356  | 687.023  | 686.893  |
 671.490  | 683.260  | 688.909  | 688.796  |
 673.381  | 685.159  | 690.789  | 690.692  |
 675.267  | 687.051  | 692.663  | 692.582  |
 677.146  | 688.937  | 694.531  | 694.465  |
 679.018  | 690.817  | 696.394  | 696.341  |
 680.885  | 692.691  | 698.251  | 698.211  |
 682.745  | 694.558  | 700.101  | 700.074  |
 684.599  | 696.419  | 701.946  | 701.931  |
 686.446  | 698.274  | 703.785  | 703.781  |
 688.287  | 700.122  | 705.793  | 705.624  |
 690.122  | 701.964  | 707.602  | 707.461  |
 691.950  | 703.800  | 709.410  | 709.291  |
 693.773  | 705.629  | 711.216  | 711.115  |
 695.589  | 707.452  | 713.104  | 712.932  |
 697.398  | 709.268  | 714.891  | 714.743  |
 699.202  | 711.078  | 716.676  | 716.548  |
 700.999  | 712.882  | 718.456  | 718.346  |
 702.790  | 714.680  | 720.233  | 720.137  |
 704.575  | 716.471  | 722.004  | 721.922  |
 706.354  | 718.256  | 723.769  | 723.701  |
 708.126  | 720.035  | 725.614  | 725.473  |
 709.892  | 721.807  | 727.444  | 727.239  |
 711.652  | 723.573  | 729.178  | 728.999  |
 713.406  | 725.333  | 730.910  | 730.752  |
 715.154  | 727.086  | 732.639  | 732.499  |
 716.896  | 728.833  | 734.364  | 734.240  |
 718.631  | 730.574  | 736.084  | 735.974  |
 720.361  | 732.309  | 737.798  | 737.702  |
 722.084  | 734.038  | 739.508  | 739.423  |
 723.802  | 735.760  | 741.295  | 741.139  |
 725.513  | 737.560  | 742.984  | 742.848  |
 727.218  | 739.265  | 744.753  | 744.551  |
 728.917  | 740.964  | 746.427  | 746.248  |
 730.610  | 742.658  | 748.098  | 747.938  |
 732.297  | 744.345  | 749.766  | 749.623  |
 733.978  | 746.027  | 751.430  | 751.301  |
 735.653  | 747.704  | 753.089  | 752.973  |
 737.322  | 749.374  | 754.825  | 754.639  |
 738.986  | 751.039  | 756.464  | 756.298  |
 740.643  | 752.698  | 758.101  | 757.952  |
 742.294  | 754.351  | 759.807  | 759.600  |
 743.939  | 755.998  | 761.505  | 761.241  |
 745.579  | 757.639  | 763.191  | 762.877  |
 747.212  | 759.275  | 764.794  | 764.506  |
 748.840  | 760.904  | 766.395  | 766.129  |
 750.461  | 762.528  | 767.993  | 767.747  |
 752.077  | 764.146  | 769.588  | 769.358  |
 753.687  | 765.758  | 771.177  | 770.963  |
 755.292  | 767.364  | 772.762  | 772.563  |
 756.890  | 768.964  | 774.342  | 774.156  |
 758.483  | 770.558  | 775.992  | 775.744  |
 760.069  | 772.147  | 777.554  | 777.326  |
 761.650  | 773.729  | 779.114  | 778.901  |
 763.226  | 775.306  | 780.669  | 780.471  |
