Computing...
33
h =  0.3 tau =  2
50
h =  0.2 tau =  2
100
h =  0.1 tau =  2
1000
h =  0.01 tau =  2
10000
h =  0.001 tau =  2
   0.3    |   0.2    |   0.1    |   0.01   |  0.001   |
 300.000  | 300.000  | 300.000  | 300.000  | 300.000  |
 822.423  | 835.647  | 840.623  | 837.008  | 798.432  |
 1039.366 | 1050.765 | 1053.970 | 1047.789 | 990.882  |
 1064.371 | 1074.555 | 1077.099 | 1070.387 | 1009.922 |
 1001.329 | 1010.776 | 1013.214 | 1006.922 | 949.857  |
 902.993  | 911.789  | 914.288  | 908.822  | 858.295  |
 796.919  | 804.951  | 807.474  | 802.952  | 760.080  |
 697.107  | 704.220  | 706.655  | 703.042  | 667.821  |
 609.903  | 615.988  | 618.218  | 615.409  | 587.228  |
 537.303  | 542.332  | 544.278  | 542.138  | 520.089  |
 478.924  | 482.950  | 484.574  | 482.971  | 466.048  |
 433.207  | 436.338  | 437.641  | 436.456  | 423.679  |
 398.145  | 400.515  | 401.527  | 400.659  | 391.145  |
 371.698  | 373.448  | 374.211  | 373.580  | 366.576  |
 352.016  | 353.275  | 353.834  | 353.377  | 348.271  |
 337.527  | 338.408  | 338.805  | 338.475  | 334.781  |
 326.954  | 327.550  | 327.823  | 327.585  | 324.929  |
 319.295  | 319.678  | 319.858  | 319.686  | 317.787  |
 313.780  | 314.008  | 314.118  | 313.993  | 312.641  |
 309.829  | 309.944  | 310.004  | 309.912  | 308.954  |
 307.011  | 307.045  | 307.068  | 307.000  | 306.323  |
 305.009  | 304.985  | 304.981  | 304.930  | 304.453  |
 303.591  | 303.526  | 303.503  | 303.464  | 303.129  |
 302.590  | 302.495  | 302.459  | 302.429  | 302.193  |
Computing...
33
h =  0.3 tau =  1
50
h =  0.2 tau =  1
100
h =  0.1 tau =  1
1000
h =  0.01 tau =  1
10000
h =  0.001 tau =  1
   0.3    |   0.2    |   0.1    |   0.01   |  0.001   |
 300.000  | 300.000  | 300.000  | 300.000  | 300.000  |
 584.925  | 597.525  | 603.405  | 603.306  | 593.376  |
 821.915  | 835.060  | 840.091  | 838.464  | 818.901  |
 964.550  | 976.833  | 980.878  | 978.223  | 952.605  |
 1039.533 | 1050.955 | 1054.313 | 1051.069 | 1022.067 |
 1068.003 | 1078.754 | 1081.697 | 1078.175 | 1047.616 |
 1064.744 | 1074.992 | 1077.717 | 1074.130 | 1043.266 |
 1040.169 | 1050.027 | 1052.660 | 1049.151 | 1018.843 |
 1001.730 | 1011.254 | 1013.871 | 1010.535 | 981.369  |
 954.817  | 964.023  | 966.659  | 963.553  | 935.919  |
 903.340  | 912.213  | 914.875  | 912.032  | 886.175  |
 850.124  | 858.632  | 861.307  | 858.740  | 834.798  |
 797.184  | 805.286  | 807.950  | 805.660  | 783.691  |
 745.925  | 753.580  | 756.204  | 754.180  | 734.183  |
 697.293  | 704.464  | 707.016  | 705.242  | 687.171  |
 651.881  | 658.541  | 660.992  | 659.449  | 643.226  |
 610.023  | 616.154  | 618.479  | 617.145  | 602.669  |
 571.857  | 577.453  | 579.632  | 578.485  | 565.640  |
 537.376  | 542.441  | 544.460  | 543.478  | 532.139  |
 506.471  | 511.020  | 512.870  | 512.032  | 502.072  |
 478.965  | 483.018  | 484.698  | 483.985  | 475.275  |
 454.634  | 458.220  | 459.730  | 459.125  | 451.540  |
 433.229  | 436.379  | 437.725  | 437.213  | 430.632  |
 414.490  | 417.239  | 418.429  | 417.995  | 412.306  |
 398.156  | 400.540  | 401.583  | 401.217  | 396.314  |
 383.974  | 386.028  | 386.937  | 386.627  | 382.414  |
 371.703  | 373.462  | 374.248  | 373.987  | 370.376  |
 361.120  | 362.617  | 363.292  | 363.071  | 359.984  |
 352.018  | 353.284  | 353.859  | 353.672  | 351.039  |
 344.210  | 345.273  | 345.760  | 345.602  | 343.360  |
 337.527  | 338.413  | 338.822  | 338.688  | 336.782  |
 331.819  | 332.552  | 332.893  | 332.778  | 331.161  |
 326.954  | 327.553  | 327.834  | 327.737  | 326.367  |
 322.813  | 323.297  | 323.527  | 323.444  | 322.285  |
 319.294  | 319.680  | 319.866  | 319.794  | 318.815  |
 316.309  | 316.611  | 316.758  | 316.696  | 315.869  |
 313.779  | 314.009  | 314.123  | 314.070  | 313.373  |
 311.639  | 311.807  | 311.893  | 311.847  | 311.259  |
 309.829  | 309.945  | 310.007  | 309.967  | 309.472  |
 308.300  | 308.373  | 308.414  | 308.379  | 307.963  |
 307.011  | 307.046  | 307.070  | 307.039  | 306.689  |
 305.924  | 305.927  | 305.937  | 305.909  | 305.615  |
 305.009  | 304.985  | 304.983  | 304.957  | 304.711  |
 304.239  | 304.193  | 304.180  | 304.157  | 303.950  |
Finish.
Computing...
33
h =  0.3 tau =  0.1
50
h =  0.2 tau =  0.1
100
h =  0.1 tau =  0.1
1000
h =  0.01 tau =  0.1
10000
h =  0.001 tau =  0.1
   0.3    |   0.2    |   0.1    |   0.01   |  0.001   |
 300.000  | 300.000  | 300.000  | 300.000  | 300.000  |
 311.570  | 314.304  | 316.742  | 317.329  | 317.303  |
 335.390  | 340.717  | 344.236  | 344.989  | 344.900  |
 364.320  | 371.428  | 375.676  | 376.548  | 376.371  |
 395.501  | 403.978  | 408.783  | 409.724  | 409.444  |
 427.598  | 437.182  | 442.395  | 443.365  | 442.973  |
 459.870  | 470.350  | 475.848  | 476.815  | 476.305  |
 491.855  | 503.051  | 508.735  | 509.677  | 509.047  |
 523.250  | 535.007  | 540.802  | 541.704  | 540.952  |
 553.850  | 566.041  | 571.891  | 572.742  | 571.869  |
 583.522  | 596.042  | 601.903  | 602.696  | 601.704  |
 612.177  | 624.942  | 630.782  | 631.513  | 630.405  |
 639.764  | 652.706  | 658.502  | 659.167  | 657.946  |
 666.256  | 679.321  | 685.054  | 685.653  | 684.322  |
 691.643  | 704.787  | 710.445  | 710.977  | 709.540  |
 715.930  | 729.117  | 734.690  | 735.155  | 733.617  |
 739.129  | 752.332  | 757.812  | 758.212  | 756.576  |
 761.259  | 774.454  | 779.838  | 780.174  | 778.444  |
 782.345  | 795.514  | 800.798  | 801.071  | 799.252  |
 802.413  | 815.541  | 820.724  | 820.936  | 819.031  |
 821.492  | 834.567  | 839.649  | 839.802  | 837.815  |
 839.611  | 852.625  | 857.605  | 857.701  | 855.637  |
 856.803  | 869.747  | 874.626  | 874.668  | 872.529  |
 873.097  | 885.965  | 890.745  | 890.734  | 888.525  |
 888.523  | 901.312  | 905.994  | 905.933  | 903.657  |
 903.113  | 915.818  | 920.405  | 920.296  | 917.956  |
 916.894  | 929.514  | 934.008  | 933.854  | 931.454  |
 929.897  | 942.430  | 946.834  | 946.636  | 944.178  |
 942.150  | 954.594  | 958.910  | 958.671  | 956.159  |
 953.679  | 966.034  | 970.266  | 969.987  | 967.424  |
 964.511  | 976.778  | 980.928  | 980.611  | 978.000  |
 974.671  | 986.850  | 990.921  | 990.569  | 987.912  |
 984.184  | 996.276  | 1000.272 | 999.886  | 997.186  |
 993.075  | 1005.080 | 1009.003 | 1008.586 | 1005.845 |
 1001.365 | 1013.285 | 1017.139 | 1016.692 | 1013.913 |
 1009.078 | 1020.914 | 1024.701 | 1024.225 | 1021.411 |
 1016.234 | 1027.988 | 1031.711 | 1031.209 | 1028.361 |
 1022.854 | 1034.528 | 1038.190 | 1037.663 | 1034.784 |
 1028.958 | 1040.553 | 1044.157 | 1043.607 | 1040.699 |
 1034.565 | 1046.084 | 1049.632 | 1049.060 | 1046.124 |
 1039.694 | 1051.137 | 1054.633 | 1054.040 | 1051.080 |
 1044.362 | 1055.732 | 1059.178 | 1058.566 | 1055.582 |
 1048.587 | 1059.886 | 1063.283 | 1062.654 | 1059.649 |
 1052.384 | 1063.614 | 1066.966 | 1066.321 | 1063.295 |
 1055.771 | 1066.933 | 1070.242 | 1069.582 | 1066.538 |
 1058.762 | 1069.858 | 1073.127 | 1072.453 | 1069.392 |
 1061.371 | 1072.404 | 1075.635 | 1074.948 | 1071.872 |
 1063.615 | 1074.585 | 1077.780 | 1077.081 | 1073.992 |
Finish.
Computing...
33
h =  0.3 tau =  0.05
50
h =  0.2 tau =  0.05
100
h =  0.1 tau =  0.05
1000
h =  0.01 tau =  0.05
10000
h =  0.001 tau =  0.05
   0.3    |   0.2    |   0.1    |   0.01   |  0.001   |
 300.000  | 300.000  | 300.000  | 300.000  | 300.000  |
 303.378  | 304.462  | 305.894  | 306.376  | 306.373  |
 311.409  | 314.151  | 316.607  | 317.197  | 317.185  |
 322.374  | 326.556  | 329.625  | 330.303  | 330.278  |
 335.214  | 340.558  | 344.083  | 344.841  | 344.798  |
 349.278  | 355.577  | 359.489  | 360.315  | 360.252  |
 364.154  | 371.271  | 375.523  | 376.404  | 376.317  |
 379.573  | 387.410  | 391.959  | 392.883  | 392.771  |
 395.348  | 403.830  | 408.637  | 409.592  | 409.454  |
 411.344  | 420.407  | 425.434  | 426.411  | 426.245  |
 427.459  | 437.046  | 442.260  | 443.248  | 443.054  |
 443.614  | 453.672  | 459.041  | 460.035  | 459.811  |
 459.745  | 470.226  | 475.723  | 476.716  | 476.462  |
 475.803  | 486.661  | 492.262  | 493.247  | 492.963  |
 491.744  | 502.938  | 508.622  | 509.595  | 509.280  |
 507.536  | 519.028  | 524.775  | 525.733  | 525.388  |
 523.151  | 534.906  | 540.700  | 541.639  | 541.263  |
 538.566  | 550.551  | 556.379  | 557.296  | 556.890  |
 553.763  | 565.950  | 571.798  | 572.692  | 572.256  |
 568.726  | 581.089  | 586.948  | 587.817  | 587.350  |
 583.444  | 595.960  | 601.819  | 602.661  | 602.165  |
 597.907  | 610.554  | 616.407  | 617.222  | 616.696  |
 612.108  | 624.868  | 630.708  | 631.493  | 630.938  |
 626.041  | 638.897  | 644.717  | 645.473  | 644.889  |
 639.703  | 652.640  | 658.435  | 659.161  | 658.549  |
 653.090  | 666.095  | 671.861  | 672.556  | 671.916  |
 666.202  | 679.261  | 684.995  | 685.659  | 684.992  |
 679.037  | 692.141  | 697.838  | 698.471  | 697.777  |
 691.595  | 704.734  | 710.392  | 710.995  | 710.274  |
 703.879  | 717.043  | 722.660  | 723.232  | 722.485  |
 715.888  | 729.070  | 734.643  | 735.185  | 734.413  |
 727.624  | 740.818  | 746.346  | 746.857  | 746.060  |
 739.091  | 752.289  | 757.771  | 758.252  | 757.430  |
 750.291  | 763.488  | 768.922  | 769.372  | 768.527  |
 761.226  | 774.417  | 779.802  | 780.223  | 779.355  |
 771.900  | 785.080  | 790.416  | 790.808  | 789.916  |
 782.316  | 795.480  | 800.767  | 801.130  | 800.216  |
 792.477  | 805.623  | 810.859  | 811.194  | 810.258  |
 802.387  | 815.511  | 820.697  | 821.003  | 820.046  |
 812.050  | 825.149  | 830.284  | 830.563  | 829.585  |
 821.469  | 834.541  | 839.625  | 839.877  | 838.879  |
 830.648  | 843.691  | 848.724  | 848.949  | 847.931  |
 839.592  | 852.602  | 857.585  | 857.784  | 856.746  |
 848.303  | 861.280  | 866.212  | 866.385  | 865.329  |
 856.786  | 869.727  | 874.609  | 874.757  | 873.683  |
 865.044  | 877.949  | 882.781  | 882.905  | 881.812  |
 873.082  | 885.948  | 890.731  | 890.831  | 889.720  |
 880.903  | 893.730  | 898.464  | 898.540  | 897.412  |
 888.511  | 901.297  | 905.983  | 906.036  | 904.892  |
 895.909  | 908.655  | 913.293  | 913.323  | 912.163  |
 903.102  | 915.806  | 920.397  | 920.405  | 919.229  |
 910.093  | 922.754  | 927.299  | 927.285  | 926.093  |
 916.886  | 929.504  | 934.003  | 933.968  | 932.761  |
 923.484  | 936.059  | 940.512  | 940.457  | 939.235  |
 929.891  | 942.422  | 946.831  | 946.755  | 945.520  |
 936.110  | 948.597  | 952.962  | 952.867  | 951.617  |
 942.145  | 954.588  | 958.910  | 958.795  | 957.532  |
 947.999  | 960.398  | 964.677  | 964.544  | 963.268  |
 953.676  | 966.030  | 970.268  | 970.116  | 968.827  |
 959.178  | 971.488  | 975.685  | 975.515  | 974.214  |
 964.509  | 976.775  | 980.931  | 980.745  | 979.432  |
 969.672  | 981.894  | 986.011  | 985.808  | 984.483  |
 974.671  | 986.849  | 990.927  | 990.707  | 989.371  |
 979.507  | 991.642  | 995.682  | 995.446  | 994.099  |
 984.185  | 996.277  | 1000.279 | 1000.028 | 998.670  |
 988.708  | 1000.756 | 1004.721 | 1004.455 | 1003.087 |
 993.077  | 1005.082 | 1009.012 | 1008.731 | 1007.353 |
 997.296  | 1009.259 | 1013.154 | 1012.858 | 1011.470 |
 1001.369 | 1013.289 | 1017.149 | 1016.840 | 1015.443 |
 1005.296 | 1017.175 | 1021.001 | 1020.679 | 1019.272 |
 1009.082 | 1020.919 | 1024.713 | 1024.377 | 1022.962 |
 1012.729 | 1024.525 | 1028.286 | 1027.938 | 1026.514 |
 1016.239 | 1027.994 | 1031.724 | 1031.364 | 1029.932 |
 1019.616 | 1031.330 | 1035.029 | 1034.657 | 1033.217 |
 1022.861 | 1034.535 | 1038.204 | 1037.821 | 1036.373 |
 1025.976 | 1037.611 | 1041.251 | 1040.857 | 1039.401 |
 1028.966 | 1040.562 | 1044.173 | 1043.767 | 1042.304 |
 1031.831 | 1043.388 | 1046.971 | 1046.555 | 1045.085 |
 1034.574 | 1046.093 | 1049.649 | 1049.223 | 1047.746 |
 1037.197 | 1048.679 | 1052.208 | 1051.772 | 1050.289 |
 1039.703 | 1051.148 | 1054.651 | 1054.206 | 1052.717 |
 1042.094 | 1053.502 | 1056.980 | 1056.526 | 1055.030 |
 1044.372 | 1055.744 | 1059.197 | 1058.734 | 1057.233 |
 1046.539 | 1057.875 | 1061.304 | 1060.833 | 1059.326 |
Computing...
33
h =  0.3 tau =  0.01
50
h =  0.2 tau =  0.01
100
h =  0.1 tau =  0.01
1000
h =  0.01 tau =  0.01
10000
h =  0.001 tau =  0.01
   0.3    |   0.2    |   0.1    |   0.01   |  0.001   |
 300.000  | 300.000  | 300.000  | 300.000  | 300.000  |
Computing...
33
h =  0.3 tau =  0.01
50
h =  0.2 tau =  0.01
100
h =  0.1 tau =  0.01
1000
h =  0.01 tau =  0.01
10000
h =  0.001 tau =  0.01
   0.3    |   0.2    |   0.1    |   0.01   |  0.001   |
 300.000  | 300.000  | 300.000  | 300.000  | 300.000  |
Computing...
33
h =  0.3 tau =  0.01
50
h =  0.2 tau =  0.01
100
h =  0.1 tau =  0.01
1000
h =  0.01 tau =  0.01
10000
h =  0.001 tau =  0.01
   0.3    |   0.2    |   0.1    |   0.01   |  0.001   |
 300.000  | 300.000  | 300.000  | 300.000  | 300.000  |
