Computing...
33
h =  0.3 tau =  2
50
h =  0.2 tau =  2
100
h =  0.1 tau =  2
1000
h =  0.01 tau =  2
10000
h =  0.001 tau =  2
   0.3    |   0.2    |   0.1    |   0.01   |  0.001   |
 300.000  | 300.000  | 300.000  | 300.000  | 300.000  |
 974.118  | 989.336  | 993.840  | 989.279  | 944.940  |
 933.242  | 939.074  | 939.946  | 934.046  | 882.209  |
 707.648  | 711.090  | 711.640  | 707.203  | 667.658  |
 519.887  | 522.004  | 522.474  | 519.821  | 495.762  |
 406.144  | 407.297  | 407.613  | 406.257  | 393.802  |
 347.799  | 348.326  | 348.492  | 347.873  | 342.113  |
 320.750  | 320.918  | 320.972  | 320.703  | 318.203  |
 308.886  | 308.870  | 308.859  | 308.742  | 307.688  |
 303.831  | 303.730  | 303.687  | 303.632  | 303.194  |
 301.715  | 301.577  | 301.519  | 301.491  | 301.311  |
 300.840  | 300.687  | 300.623  | 300.605  | 300.532  |
Finish.
Computing...
33
h =  0.3 tau =  2
50
h =  0.2 tau =  2
100
h =  0.1 tau =  2
1000
h =  0.01 tau =  2
10000
h =  0.001 tau =  2
   0.3    |   0.2    |   0.1    |   0.01   |  0.001   |
 300.000  | 300.000  | 300.000  | 300.000  | 300.000  |
 739.308  | 765.115  | 776.603  | 775.589  | 749.956  |
 974.118  | 989.336  | 993.840  | 989.279  | 944.940  |
 1004.637 | 1013.393 | 1015.193 | 1009.348 | 957.336  |
 933.242  | 939.074  | 939.946  | 934.046  | 882.209  |
 822.824  | 827.185  | 827.791  | 822.482  | 775.606  |
 707.648  | 711.090  | 711.640  | 707.203  | 667.658  |
 604.516  | 607.244  | 607.766  | 604.257  | 572.687  |
 519.887  | 522.004  | 522.474  | 519.821  | 495.762  |
 454.473  | 456.064  | 456.461  | 454.532  | 436.919  |
 406.144  | 407.297  | 407.613  | 406.257  | 393.802  |
 371.687  | 372.488  | 372.725  | 371.800  | 363.237  |
 347.799  | 348.326  | 348.492  | 347.873  | 342.113  |
 331.586  | 331.906  | 332.010  | 331.601  | 327.786  |
 320.750  | 320.918  | 320.972  | 320.703  | 318.203  |
 313.586  | 313.645  | 313.662  | 313.485  | 311.857  |
 308.886  | 308.870  | 308.859  | 308.742  | 307.688  |
 305.821  | 305.754  | 305.724  | 305.645  | 304.964  |
 303.831  | 303.730  | 303.687  | 303.632  | 303.194  |
 302.544  | 302.421  | 302.369  | 302.330  | 302.049  |
 301.715  | 301.577  | 301.519  | 301.491  | 301.311  |
 301.182  | 301.034  | 300.973  | 300.951  | 300.836  |
 300.840  | 300.687  | 300.623  | 300.605  | 300.532  |
 300.622  | 300.465  | 300.400  | 300.385  | 300.338  |
Finish.
Computing...
33
h =  0.3 tau =  1
50
h =  0.2 tau =  1
100
h =  0.1 tau =  1
1000
h =  0.01 tau =  1
10000
h =  0.001 tau =  1
   0.3    |   0.2    |   0.1    |   0.01   |  0.001   |
 300.000  | 300.000  | 300.000  | 300.000  | 300.000  |
 508.191  | 531.758  | 546.067  | 548.368  | 542.923  |
 732.329  | 757.887  | 769.015  | 769.300  | 756.971  |
 887.161  | 907.234  | 914.382  | 913.118  | 895.054  |
 974.406  | 989.286  | 993.834  | 991.577  | 969.312  |
 1009.582 | 1020.797 | 1023.749 | 1020.899 | 995.884  |
 1007.524 | 1016.282 | 1018.267 | 1015.108 | 988.593  |
 980.074  | 987.177  | 988.587  | 985.323  | 958.342  |
 936.276  | 942.236  | 943.318  | 940.093  | 913.470  |
 882.916  | 888.054  | 888.956  | 885.870  | 860.240  |
 824.993  | 829.510  | 830.317  | 827.436  | 803.262  |
 766.110  | 770.127  | 770.884  | 768.247  | 745.844  |
 708.782  | 712.373  | 713.098  | 710.724  | 690.283  |
 654.680  | 657.888  | 658.585  | 656.477  | 638.086  |
 604.828  | 607.683  | 608.349  | 606.501  | 590.164  |
 559.770  | 562.295  | 562.923  | 561.321  | 546.978  |
 519.692  | 521.909  | 522.492  | 521.117  | 508.663  |
 484.530  | 486.459  | 486.993  | 485.825  | 475.121  |
 454.046  | 455.711  | 456.194  | 455.210  | 446.097  |
 427.897  | 429.321  | 429.751  | 428.929  | 421.239  |
 405.674  | 406.880  | 407.258  | 406.577  | 400.140  |
 386.944  | 387.955  | 388.283  | 387.723  | 382.373  |
 371.274  | 372.112  | 372.392  | 371.934  | 367.516  |
 358.248  | 358.933  | 359.169  | 358.796  | 355.166  |
 347.479  | 348.031  | 348.225  | 347.922  | 344.955  |
 338.618  | 339.053  | 339.210  | 338.965  | 336.548  |
 331.356  | 331.691  | 331.814  | 331.615  | 329.653  |
 325.424  | 325.674  | 325.766  | 325.606  | 324.016  |
 320.592  | 320.769  | 320.836  | 320.705  | 319.420  |
 316.665  | 316.781  | 316.825  | 316.719  | 315.682  |
 313.481  | 313.545  | 313.570  | 313.483  | 312.647  |
 310.902  | 310.924  | 310.932  | 310.861  | 310.188  |
 308.817  | 308.804  | 308.798  | 308.739  | 308.198  |
 307.133  | 307.092  | 307.075  | 307.025  | 306.591  |
 305.776  | 305.711  | 305.684  | 305.642  | 305.293  |
 304.682  | 304.598  | 304.563  | 304.528  | 304.248  |
 303.802  | 303.702  | 303.661  | 303.630  | 303.406  |
 303.094  | 302.981  | 302.935  | 302.908  | 302.729  |
 302.525  | 302.402  | 302.352  | 302.328  | 302.184  |
 302.068  | 301.938  | 301.884  | 301.863  | 301.748  |
 301.702  | 301.565  | 301.508  | 301.489  | 301.397  |
 301.409  | 301.266  | 301.207  | 301.190  | 301.116  |
 301.174  | 301.027  | 300.966  | 300.950  | 300.891  |
 300.986  | 300.835  | 300.773  | 300.758  | 300.711  |
Finish.
Computing...
33
h =  0.3 tau =  0.1
50
h =  0.2 tau =  0.1
100
h =  0.1 tau =  0.1
1000
h =  0.01 tau =  0.1
10000
h =  0.001 tau =  0.1
   0.3    |   0.2    |   0.1    |   0.01   |  0.001   |
 300.000  | 300.000  | 300.000  | 300.000  | 300.000  |
 316.520  | 321.817  | 328.554  | 330.891  | 330.861  |
 352.228  | 364.515  | 375.570  | 378.393  | 378.286  |
 397.114  | 414.872  | 428.077  | 431.057  | 430.843  |
 446.082  | 467.752  | 481.932  | 484.841  | 484.502  |
 496.378  | 520.664  | 535.037  | 537.744  | 537.269  |
 546.335  | 572.172  | 586.216  | 588.660  | 588.042  |
 594.869  | 621.400  | 634.797  | 636.957  | 636.195  |
 641.264  | 667.826  | 680.408  | 682.285  | 681.379  |
 685.057  | 711.163  | 722.860  | 724.467  | 723.420  |
 725.968  | 751.279  | 762.086  | 763.441  | 762.256  |
 763.849  | 788.149  | 798.095  | 799.216  | 797.898  |
 798.647  | 821.814  | 830.947  | 831.853  | 830.408  |
 830.380  | 852.356  | 860.734  | 861.445  | 859.879  |
 859.110  | 879.889  | 887.569  | 888.104  | 886.422  |
 884.932  | 904.539  | 911.581  | 911.954  | 910.163  |
 907.963  | 926.444  | 932.901  | 933.130  | 931.236  |
 928.331  | 945.742  | 951.667  | 951.766  | 949.775  |
 946.170  | 962.577  | 968.017  | 967.997  | 965.917  |
 961.618  | 977.086  | 982.085  | 981.960  | 979.796  |
 974.813  | 989.407  | 994.005  | 993.786  | 991.545  |
 985.888  | 999.673  | 1003.906 | 1003.602 | 1001.290 |
 994.976  | 1008.011 | 1011.914 | 1011.535 | 1009.157 |
 1002.202 | 1014.546 | 1018.147 | 1017.701 | 1015.264 |
 1007.690 | 1019.394 | 1022.723 | 1022.218 | 1019.727 |
 1011.556 | 1022.669 | 1025.751 | 1025.194 | 1022.654 |
 1013.911 | 1024.480 | 1027.337 | 1026.735 | 1024.152 |
 1014.862 | 1024.928 | 1027.581 | 1026.941 | 1024.319 |
 1014.510 | 1024.112 | 1026.581 | 1025.907 | 1023.252 |
 1012.952 | 1022.124 | 1024.427 | 1023.724 | 1021.041 |
 1010.278 | 1019.053 | 1021.205 | 1020.479 | 1017.772 |
 1006.575 | 1014.982 | 1016.999 | 1016.253 | 1013.527 |
 1001.925 | 1009.992 | 1011.886 | 1011.125 | 1008.383 |
 996.405  | 1004.157 | 1005.940 | 1005.168 | 1002.414 |
 990.089  | 997.548  | 999.232  | 998.451  | 995.690  |
 983.046  | 990.233  | 991.828  | 991.042  | 988.276  |
 975.342  | 982.275  | 983.791  | 983.001  | 980.236  |
 967.038  | 973.736  | 975.180  | 974.390  | 971.627  |
 958.193  | 964.671  | 966.051  | 965.263  | 962.506  |
 948.862  | 955.134  | 956.457  | 955.673  | 952.926  |
 939.097  | 945.176  | 946.448  | 945.670  | 942.934  |
 928.946  | 934.845  | 936.071  | 935.301  | 932.580  |
 918.455  | 924.184  | 925.370  | 924.609  | 921.905  |
 907.669  | 913.238  | 914.388  | 913.637  | 910.953  |
 896.626  | 902.044  | 903.162  | 902.423  | 899.760  |
 885.365  | 890.641  | 891.731  | 891.004  | 888.365  |
 873.922  | 879.063  | 880.127  | 879.414  | 876.802  |
 862.331  | 867.343  | 868.385  | 867.686  | 865.101  |
 850.622  | 855.511  | 856.533  | 855.850  | 853.294  |
 838.824  | 843.597  | 844.601  | 843.933  | 841.408  |
 826.966  | 831.626  | 832.615  | 831.962  | 829.470  |
 815.071  | 819.624  | 820.598  | 819.962  | 817.504  |
 803.165  | 807.614  | 808.575  | 807.956  | 805.533  |
 791.268  | 795.617  | 796.567  | 795.964  | 793.577  |
 779.401  | 783.654  | 784.592  | 784.007  | 781.657  |
 767.583  | 771.742  | 772.670  | 772.102  | 769.790  |
 755.831  | 759.899  | 760.817  | 760.266  | 757.994  |
 744.161  | 748.140  | 749.050  | 748.516  | 746.283  |
 732.587  | 736.480  | 737.381  | 736.864  | 734.671  |
 721.124  | 724.932  | 725.825  | 725.325  | 723.173  |
 709.783  | 713.508  | 714.392  | 713.909  | 711.799  |
 698.575  | 702.219  | 703.095  | 702.629  | 700.560  |
 687.511  | 691.076  | 691.944  | 691.493  | 689.467  |
 676.599  | 680.086  | 680.946  | 680.511  | 678.527  |
 665.849  | 669.258  | 670.109  | 669.691  | 667.749  |
 655.266  | 658.600  | 659.443  | 659.040  | 657.140  |
 644.858  | 648.117  | 648.951  | 648.563  | 646.706  |
 634.631  | 637.815  | 638.641  | 638.268  | 636.453  |
 624.588  | 627.700  | 628.516  | 628.158  | 626.386  |
 614.735  | 617.775  | 618.581  | 618.237  | 616.508  |
 605.075  | 608.044  | 608.841  | 608.510  | 606.823  |
 595.610  | 598.509  | 599.296  | 598.979  | 597.333  |
 586.344  | 589.174  | 589.951  | 589.647  | 588.043  |
 577.279  | 580.040  | 580.806  | 580.515  | 578.952  |
 568.415  | 571.109  | 571.864  | 571.585  | 570.063  |
 559.753  | 562.380  | 563.124  | 562.857  | 561.376  |
 551.294  | 553.856  | 554.588  | 554.333  | 552.892  |
 543.039  | 545.535  | 546.256  | 546.012  | 544.610  |
 534.986  | 537.418  | 538.127  | 537.894  | 536.531  |
 527.135  | 529.503  | 530.201  | 529.978  | 528.654  |
 519.485  | 521.791  | 522.477  | 522.264  | 520.978  |
 512.035  | 514.279  | 514.953  | 514.750  | 513.501  |
 504.782  | 506.967  | 507.628  | 507.434  | 506.222  |
 497.727  | 499.851  | 500.500  | 500.315  | 499.140  |
 490.866  | 492.931  | 493.567  | 493.391  | 492.251  |
 484.196  | 486.204  | 486.827  | 486.660  | 485.555  |
 477.717  | 479.667  | 480.278  | 480.119  | 479.048  |
 471.424  | 473.319  | 473.917  | 473.765  | 472.728  |
 465.316  | 467.156  | 467.741  | 467.597  | 466.592  |
 459.390  | 461.175  | 461.747  | 461.610  | 460.638  |
 453.641  | 455.373  | 455.932  | 455.803  | 454.862  |
 448.068  | 449.748  | 450.294  | 450.171  | 449.262  |
 442.667  | 444.296  | 444.829  | 444.712  | 443.833  |
 437.435  | 439.013  | 439.534  | 439.423  | 438.573  |
 432.367  | 433.897  | 434.405  | 434.300  | 433.479  |
 427.462  | 428.943  | 429.438  | 429.339  | 428.546  |
 422.715  | 424.149  | 424.632  | 424.538  | 423.772  |
 418.124  | 419.511  | 419.981  | 419.892  | 419.153  |
 413.683  | 415.025  | 415.483  | 415.399  | 414.686  |
 409.390  | 410.688  | 411.133  | 411.054  | 410.366  |
 405.242  | 406.496  | 406.929  | 406.854  | 406.191  |
 401.234  | 402.445  | 402.866  | 402.796  | 402.156  |
 397.363  | 398.532  | 398.942  | 398.875  | 398.259  |
 393.625  | 394.754  | 395.151  | 395.089  | 394.495  |
 390.017  | 391.107  | 391.492  | 391.433  | 390.861  |
 386.536  | 387.587  | 387.961  | 387.905  | 387.354  |
 383.177  | 384.190  | 384.553  | 384.501  | 383.970  |
 379.938  | 380.914  | 381.265  | 381.216  | 380.706  |
 376.815  | 377.755  | 378.095  | 378.049  | 377.557  |
 373.804  | 374.709  | 375.038  | 374.995  | 374.522  |
 370.903  | 371.773  | 372.091  | 372.051  | 371.596  |
 368.107  | 368.944  | 369.252  | 369.213  | 368.776  |
 365.414  | 366.219  | 366.516  | 366.480  | 366.059  |
 362.821  | 363.593  | 363.880  | 363.846  | 363.442  |
 360.324  | 361.065  | 361.342  | 361.310  | 360.922  |
 357.920  | 358.631  | 358.898  | 358.868  | 358.495  |
 355.606  | 356.288  | 356.545  | 356.517  | 356.159  |
 353.380  | 354.033  | 354.280  | 354.254  | 353.910  |
 351.238  | 351.863  | 352.101  | 352.077  | 351.746  |
 349.177  | 349.776  | 350.004  | 349.981  | 349.664  |
 347.195  | 347.768  | 347.987  | 347.966  | 347.661  |
 345.290  | 345.837  | 346.048  | 346.027  | 345.734  |
 343.458  | 343.980  | 344.182  | 344.163  | 343.882  |
 341.697  | 342.195  | 342.388  | 342.370  | 342.101  |
 340.004  | 340.479  | 340.664  | 340.647  | 340.388  |
 338.377  | 338.829  | 339.006  | 338.990  | 338.742  |
 336.814  | 337.244  | 337.413  | 337.398  | 337.160  |
 335.313  | 335.721  | 335.883  | 335.868  | 335.640  |
 333.870  | 334.258  | 334.412  | 334.398  | 334.179  |
 332.485  | 332.853  | 332.999  | 332.986  | 332.776  |
 331.155  | 331.503  | 331.642  | 331.629  | 331.428  |
 329.877  | 330.206  | 330.339  | 330.327  | 330.134  |
 328.650  | 328.961  | 329.087  | 329.075  | 328.890  |
 327.473  | 327.766  | 327.885  | 327.874  | 327.697  |
 326.342  | 326.619  | 326.731  | 326.720  | 326.550  |
 325.257  | 325.517  | 325.623  | 325.613  | 325.450  |
 324.216  | 324.460  | 324.560  | 324.550  | 324.394  |
 323.217  | 323.445  | 323.539  | 323.529  | 323.380  |
 322.258  | 322.471  | 322.559  | 322.550  | 322.407  |
 321.338  | 321.537  | 321.619  | 321.610  | 321.473  |
 320.455  | 320.640  | 320.717  | 320.708  | 320.577  |
 319.608  | 319.780  | 319.852  | 319.843  | 319.717  |
 318.796  | 318.955  | 319.021  | 319.013  | 318.892  |
 318.017  | 318.163  | 318.225  | 318.216  | 318.101  |
 317.270  | 317.404  | 317.461  | 317.452  | 317.342  |
 316.553  | 316.676  | 316.728  | 316.720  | 316.613  |
 315.866  | 315.977  | 316.025  | 316.017  | 315.915  |
 315.208  | 315.308  | 315.351  | 315.343  | 315.245  |
 314.576  | 314.665  | 314.704  | 314.696  | 314.603  |
 313.970  | 314.050  | 314.085  | 314.077  | 313.987  |
 313.390  | 313.459  | 313.490  | 313.482  | 313.397  |
 312.833  | 312.893  | 312.920  | 312.913  | 312.831  |
 312.299  | 312.351  | 312.374  | 312.366  | 312.288  |
 311.788  | 311.831  | 311.851  | 311.843  | 311.768  |
 311.298  | 311.332  | 311.349  | 311.341  | 311.269  |
 310.828  | 310.854  | 310.867  | 310.859  | 310.791  |
 310.378  | 310.396  | 310.406  | 310.398  | 310.332  |
 309.946  | 309.957  | 309.964  | 309.956  | 309.893  |
 309.533  | 309.537  | 309.541  | 309.533  | 309.472  |
 309.137  | 309.134  | 309.135  | 309.127  | 309.069  |
 308.757  | 308.748  | 308.746  | 308.738  | 308.682  |
 308.394  | 308.378  | 308.373  | 308.365  | 308.312  |
 308.045  | 308.023  | 308.016  | 308.008  | 307.957  |
 307.711  | 307.683  | 307.674  | 307.666  | 307.617  |
 307.392  | 307.358  | 307.346  | 307.338  | 307.291  |
Finish.
Computing...
33
h =  0.3 tau =  0.1
50
h =  0.2 tau =  0.1
100
h =  0.1 tau =  0.1
1000
h =  0.01 tau =  0.1
10000
h =  0.001 tau =  0.1
   0.3    |   0.2    |   0.1    |   0.01   |  0.001   |
 300.000  | 300.000  | 300.000  | 300.000  | 300.000  |
 352.228  | 364.515  | 375.570  | 378.393  | 378.286  |
 446.082  | 467.752  | 481.932  | 484.841  | 484.502  |
 546.335  | 572.172  | 586.216  | 588.660  | 588.042  |
 641.264  | 667.826  | 680.408  | 682.285  | 681.379  |
 725.968  | 751.279  | 762.086  | 763.441  | 762.256  |
 798.647  | 821.814  | 830.947  | 831.853  | 830.408  |
 859.110  | 879.889  | 887.569  | 888.104  | 886.422  |
 907.963  | 926.444  | 932.901  | 933.130  | 931.236  |
 946.170  | 962.577  | 968.017  | 967.997  | 965.917  |
 974.813  | 989.407  | 994.005  | 993.786  | 991.545  |
 994.976  | 1008.011 | 1011.914 | 1011.535 | 1009.157 |
 1007.690 | 1019.394 | 1022.723 | 1022.218 | 1019.727 |
 1013.911 | 1024.480 | 1027.337 | 1026.735 | 1024.152 |
 1014.510 | 1024.112 | 1026.581 | 1025.907 | 1023.252 |
 1010.278 | 1019.053 | 1021.205 | 1020.479 | 1017.772 |
 1001.925 | 1009.992 | 1011.886 | 1011.125 | 1008.383 |
 990.089  | 997.548  | 999.232  | 998.451  | 995.690  |
 975.342  | 982.275  | 983.791  | 983.001  | 980.236  |
 958.193  | 964.671  | 966.051  | 965.263  | 962.506  |
 939.097  | 945.176  | 946.448  | 945.670  | 942.934  |
 918.455  | 924.184  | 925.370  | 924.609  | 921.905  |
 896.626  | 902.044  | 903.162  | 902.423  | 899.760  |
 873.922  | 879.063  | 880.127  | 879.414  | 876.802  |
 850.622  | 855.511  | 856.533  | 855.850  | 853.294  |
 826.966  | 831.626  | 832.615  | 831.962  | 829.470  |
 803.165  | 807.614  | 808.575  | 807.956  | 805.533  |
 779.401  | 783.654  | 784.592  | 784.007  | 781.657  |
 755.831  | 759.899  | 760.817  | 760.266  | 757.994  |
 732.587  | 736.480  | 737.381  | 736.864  | 734.671  |
 709.783  | 713.508  | 714.392  | 713.909  | 711.799  |
 687.511  | 691.076  | 691.944  | 691.493  | 689.467  |
 665.849  | 669.258  | 670.109  | 669.691  | 667.749  |
 644.858  | 648.117  | 648.951  | 648.563  | 646.706  |
 624.588  | 627.700  | 628.516  | 628.158  | 626.386  |
 605.075  | 608.044  | 608.841  | 608.510  | 606.823  |
 586.344  | 589.174  | 589.951  | 589.647  | 588.043  |
 568.415  | 571.109  | 571.864  | 571.585  | 570.063  |
 551.294  | 553.856  | 554.588  | 554.333  | 552.892  |
 534.986  | 537.418  | 538.127  | 537.894  | 536.531  |
 519.485  | 521.791  | 522.477  | 522.264  | 520.978  |
 504.782  | 506.967  | 507.628  | 507.434  | 506.222  |
 490.866  | 492.931  | 493.567  | 493.391  | 492.251  |
 477.717  | 479.667  | 480.278  | 480.119  | 479.048  |
 465.316  | 467.156  | 467.741  | 467.597  | 466.592  |
 453.641  | 455.373  | 455.932  | 455.803  | 454.862  |
 442.667  | 444.296  | 444.829  | 444.712  | 443.833  |
 432.367  | 433.897  | 434.405  | 434.300  | 433.479  |
 422.715  | 424.149  | 424.632  | 424.538  | 423.772  |
 413.683  | 415.025  | 415.483  | 415.399  | 414.686  |
 405.242  | 406.496  | 406.929  | 406.854  | 406.191  |
 397.363  | 398.532  | 398.942  | 398.875  | 398.259  |
 390.017  | 391.107  | 391.492  | 391.433  | 390.861  |
 383.177  | 384.190  | 384.553  | 384.501  | 383.970  |
 376.815  | 377.755  | 378.095  | 378.049  | 377.557  |
 370.903  | 371.773  | 372.091  | 372.051  | 371.596  |
 365.414  | 366.219  | 366.516  | 366.480  | 366.059  |
 360.324  | 361.065  | 361.342  | 361.310  | 360.922  |
 355.606  | 356.288  | 356.545  | 356.517  | 356.159  |
 351.238  | 351.863  | 352.101  | 352.077  | 351.746  |
 347.195  | 347.768  | 347.987  | 347.966  | 347.661  |
 343.458  | 343.980  | 344.182  | 344.163  | 343.882  |
 340.004  | 340.479  | 340.664  | 340.647  | 340.388  |
 336.814  | 337.244  | 337.413  | 337.398  | 337.160  |
 333.870  | 334.258  | 334.412  | 334.398  | 334.179  |
 331.155  | 331.503  | 331.642  | 331.629  | 331.428  |
 328.650  | 328.961  | 329.087  | 329.075  | 328.890  |
 326.342  | 326.619  | 326.731  | 326.720  | 326.550  |
 324.216  | 324.460  | 324.560  | 324.550  | 324.394  |
 322.258  | 322.471  | 322.559  | 322.550  | 322.407  |
 320.455  | 320.640  | 320.717  | 320.708  | 320.577  |
 318.796  | 318.955  | 319.021  | 319.013  | 318.892  |
 317.270  | 317.404  | 317.461  | 317.452  | 317.342  |
 315.866  | 315.977  | 316.025  | 316.017  | 315.915  |
 314.576  | 314.665  | 314.704  | 314.696  | 314.603  |
 313.390  | 313.459  | 313.490  | 313.482  | 313.397  |
 312.299  | 312.351  | 312.374  | 312.366  | 312.288  |
 311.298  | 311.332  | 311.349  | 311.341  | 311.269  |
 310.378  | 310.396  | 310.406  | 310.398  | 310.332  |
 309.533  | 309.537  | 309.541  | 309.533  | 309.472  |
 308.757  | 308.748  | 308.746  | 308.738  | 308.682  |
 308.045  | 308.023  | 308.016  | 308.008  | 307.957  |
 307.392  | 307.358  | 307.346  | 307.338  | 307.291  |
Finish.
Computing...
33
h =  0.3 tau =  0.05
50
h =  0.2 tau =  0.05
100
h =  0.1 tau =  0.05
1000
h =  0.01 tau =  0.05
10000
h =  0.001 tau =  0.05
   0.3    |   0.2    |   0.1    |   0.01   |  0.001   |
 300.000  | 300.000  | 300.000  | 300.000  | 300.000  |
 315.960  | 321.203  | 328.021  | 330.384  | 330.372  |
 351.488  | 363.803  | 374.933  | 377.769  | 377.720  |
 396.342  | 414.159  | 427.408  | 430.399  | 430.298  |
 445.340  | 467.070  | 481.269  | 484.192  | 484.028  |
 495.692  | 520.028  | 534.402  | 537.129  | 536.896  |
 545.715  | 571.587  | 585.621  | 588.091  | 587.787  |
 594.319  | 620.869  | 634.250  | 636.444  | 636.066  |
 640.782  | 667.349  | 679.912  | 681.831  | 681.380  |
 684.639  | 710.739  | 722.417  | 724.073  | 723.551  |
 725.610  | 750.907  | 761.696  | 763.107  | 762.515  |
 763.547  | 787.826  | 797.757  | 798.941  | 798.282  |
 798.396  | 821.538  | 830.658  | 831.635  | 830.911  |
 830.176  | 852.125  | 860.493  | 861.281  | 860.496  |
 858.948  | 879.701  | 887.373  | 887.991  | 887.147  |
 884.810  | 904.391  | 911.427  | 911.890  | 910.991  |
 907.876  | 926.332  | 932.787  | 933.110  | 932.159  |
 928.277  | 945.666  | 951.589  | 951.787  | 950.787  |
 946.145  | 962.532  | 967.972  | 968.057  | 967.012  |
 961.621  | 977.070  | 982.071  | 982.055  | 980.967  |
 974.839  | 989.418  | 994.019  | 993.912  | 992.785  |
 985.937  | 999.708  | 1003.946 | 1003.758 | 1002.595 |
 995.044  | 1008.068 | 1011.976 | 1011.716 | 1010.520 |
 1002.288 | 1014.622 | 1018.230 | 1017.906 | 1016.680 |
 1007.791 | 1019.488 | 1022.823 | 1022.443 | 1021.190 |
 1011.670 | 1022.779 | 1025.867 | 1025.438 | 1024.161 |
 1014.037 | 1024.602 | 1027.467 | 1026.995 | 1025.696 |
 1014.998 | 1025.062 | 1027.724 | 1027.214 | 1025.896 |
 1014.655 | 1024.255 | 1026.733 | 1026.192 | 1024.857 |
 1013.104 | 1022.276 | 1024.588 | 1024.020 | 1022.670 |
 1010.435 | 1019.211 | 1021.373 | 1020.783 | 1019.421 |
 1006.737 | 1015.146 | 1017.173 | 1016.564 | 1015.192 |
 1002.090 | 1010.160 | 1012.064 | 1011.440 | 1010.061 |
 996.572  | 1004.327 | 1006.121 | 1005.487 | 1004.101 |
 990.258  | 997.720  | 999.415  | 998.772  | 997.383  |
 983.215  | 990.406  | 992.012  | 991.364  | 989.973  |
 975.510  | 982.449  | 983.975  | 983.324  | 981.933  |
 967.205  | 973.908  | 975.363  | 974.712  | 973.322  |
 958.358  | 964.842  | 966.232  | 965.583  | 964.196  |
 949.025  | 955.303  | 956.636  | 955.990  | 954.608  |
 939.256  | 945.342  | 946.625  | 945.984  | 944.608  |
 929.102  | 935.007  | 936.244  | 935.610  | 934.242  |
 918.607  | 924.343  | 925.540  | 924.914  | 923.554  |
 907.816  | 913.392  | 914.553  | 913.937  | 912.587  |
 896.768  | 902.194  | 903.323  | 902.717  | 901.378  |
 885.503  | 890.786  | 891.886  | 891.292  | 889.965  |
 874.055  | 879.203  | 880.278  | 879.696  | 878.382  |
 862.458  | 867.478  | 868.530  | 867.961  | 866.661  |
 850.743  | 855.641  | 856.673  | 856.117  | 854.832  |
 838.940  | 843.721  | 844.735  | 844.194  | 842.924  |
 827.076  | 831.744  | 832.743  | 832.216  | 830.963  |
 815.176  | 819.737  | 820.721  | 820.208  | 818.972  |
 803.264  | 807.721  | 808.692  | 808.194  | 806.976  |
 791.361  | 795.718  | 796.677  | 796.195  | 794.995  |
 779.488  | 783.749  | 784.697  | 784.230  | 783.048  |
 767.664  | 771.831  | 772.769  | 772.317  | 771.155  |
 755.907  | 759.983  | 760.911  | 760.474  | 759.331  |
 744.231  | 748.218  | 749.137  | 748.715  | 747.593  |
 732.652  | 736.553  | 737.463  | 737.056  | 735.954  |
 721.184  | 725.000  | 725.901  | 725.509  | 724.428  |
 709.837  | 713.571  | 714.464  | 714.087  | 713.026  |
 698.625  | 702.277  | 703.162  | 702.799  | 701.759  |
 687.556  | 691.128  | 692.005  | 691.656  | 690.638  |
 676.640  | 680.134  | 681.002  | 680.667  | 679.670  |
 665.885  | 669.301  | 670.161  | 669.840  | 668.864  |
 655.298  | 658.638  | 659.489  | 659.182  | 658.227  |
 644.886  | 648.151  | 648.993  | 648.699  | 647.766  |
 634.654  | 637.846  | 638.679  | 638.397  | 637.485  |
 624.608  | 627.726  | 628.550  | 628.281  | 627.390  |
 614.751  | 617.798  | 618.611  | 618.354  | 617.485  |
 605.087  | 608.063  | 608.867  | 608.621  | 607.774  |
 595.620  | 598.525  | 599.319  | 599.085  | 598.258  |
 586.351  | 589.187  | 589.970  | 589.747  | 588.941  |
 577.282  | 580.050  | 580.822  | 580.610  | 579.825  |
 568.415  | 571.115  | 571.877  | 571.675  | 570.910  |
 559.751  | 562.384  | 563.135  | 562.942  | 562.198  |
 551.290  | 553.857  | 554.596  | 554.413  | 553.689  |
 543.032  | 545.534  | 546.261  | 546.088  | 545.384  |
 534.977  | 537.414  | 538.130  | 537.965  | 537.281  |
 527.124  | 529.498  | 530.202  | 530.045  | 529.380  |
 519.472  | 521.784  | 522.475  | 522.327  | 521.681  |
 512.020  | 514.270  | 514.949  | 514.809  | 514.182  |
 504.767  | 506.956  | 507.622  | 507.490  | 506.881  |
 497.710  | 499.839  | 500.493  | 500.367  | 499.777  |
 490.847  | 492.917  | 493.558  | 493.440  | 492.868  |
 484.177  | 486.189  | 486.817  | 486.706  | 486.151  |
 477.697  | 479.651  | 480.267  | 480.162  | 479.624  |
 471.403  | 473.302  | 473.904  | 473.805  | 473.284  |
 465.294  | 467.138  | 467.727  | 467.634  | 467.130  |
 459.367  | 461.156  | 461.733  | 461.645  | 461.157  |
 453.618  | 455.354  | 455.917  | 455.835  | 455.363  |
 448.044  | 449.728  | 450.278  | 450.201  | 449.745  |
 442.643  | 444.275  | 444.813  | 444.740  | 444.299  |
 437.410  | 438.992  | 439.517  | 439.449  | 439.022  |
 432.343  | 433.876  | 434.387  | 434.324  | 433.912  |
 427.438  | 428.922  | 429.421  | 429.362  | 428.963  |
 422.691  | 424.128  | 424.614  | 424.559  | 424.174  |
 418.099  | 419.489  | 419.963  | 419.911  | 419.540  |
 413.659  | 415.003  | 415.464  | 415.416  | 415.058  |
 409.366  | 410.666  | 411.115  | 411.070  | 410.725  |
 405.217  | 406.474  | 406.910  | 406.869  | 406.536  |
 401.210  | 402.424  | 402.848  | 402.809  | 402.488  |
 397.339  | 398.511  | 398.923  | 398.888  | 398.578  |
 393.602  | 394.733  | 395.133  | 395.101  | 394.802  |
 389.994  | 391.086  | 391.474  | 391.444  | 391.157  |
 386.513  | 387.566  | 387.943  | 387.915  | 387.638  |
 383.155  | 384.170  | 384.535  | 384.510  | 384.243  |
 379.916  | 380.894  | 381.248  | 381.225  | 380.968  |
 376.794  | 377.735  | 378.078  | 378.056  | 377.810  |
 373.783  | 374.690  | 375.021  | 375.002  | 374.764  |
 370.882  | 371.754  | 372.075  | 372.057  | 371.829  |
 368.087  | 368.926  | 369.235  | 369.219  | 369.000  |
 365.395  | 366.201  | 366.500  | 366.485  | 366.274  |
 362.802  | 363.576  | 363.864  | 363.851  | 363.648  |
 360.305  | 361.048  | 361.327  | 361.315  | 361.120  |
 357.902  | 358.614  | 358.883  | 358.872  | 358.685  |
 355.588  | 356.272  | 356.530  | 356.521  | 356.341  |
 353.363  | 354.017  | 354.266  | 354.257  | 354.085  |
 351.221  | 351.848  | 352.087  | 352.079  | 351.914  |
 349.161  | 349.761  | 349.991  | 349.984  | 349.825  |
 347.180  | 347.753  | 347.974  | 347.968  | 347.815  |
 345.275  | 345.823  | 346.035  | 346.029  | 345.882  |
 343.443  | 343.966  | 344.170  | 344.165  | 344.024  |
 341.683  | 342.182  | 342.376  | 342.372  | 342.237  |
 339.990  | 340.466  | 340.652  | 340.648  | 340.519  |
 338.364  | 338.817  | 338.995  | 338.992  | 338.867  |
 336.802  | 337.232  | 337.403  | 337.399  | 337.280  |
 335.301  | 335.710  | 335.872  | 335.869  | 335.755  |
 333.859  | 334.247  | 334.402  | 334.399  | 334.289  |
 332.474  | 332.842  | 332.989  | 332.987  | 332.882  |
 331.144  | 331.492  | 331.633  | 331.630  | 331.529  |
 329.866  | 330.196  | 330.330  | 330.327  | 330.231  |
 328.640  | 328.952  | 329.078  | 329.076  | 328.983  |
 327.463  | 327.757  | 327.876  | 327.874  | 327.785  |
 326.333  | 326.610  | 326.723  | 326.721  | 326.636  |
 325.248  | 325.509  | 325.615  | 325.613  | 325.532  |
 324.207  | 324.452  | 324.552  | 324.550  | 324.472  |
 323.208  | 323.437  | 323.532  | 323.530  | 323.455  |
 322.250  | 322.464  | 322.552  | 322.550  | 322.478  |
 321.330  | 321.529  | 321.612  | 321.610  | 321.541  |
 320.448  | 320.633  | 320.711  | 320.708  | 320.642  |
 319.601  | 319.773  | 319.845  | 319.843  | 319.780  |
 318.789  | 318.948  | 319.015  | 319.013  | 318.952  |
 318.011  | 318.157  | 318.219  | 318.216  | 318.158  |
 317.264  | 317.398  | 317.455  | 317.452  | 317.397  |
 316.547  | 316.670  | 316.722  | 316.720  | 316.666  |
 315.861  | 315.972  | 316.020  | 316.017  | 315.966  |
 315.202  | 315.302  | 315.346  | 315.343  | 315.294  |
 314.570  | 314.660  | 314.700  | 314.696  | 314.650  |
Computing...
33
h =  0.3 tau =  0.01
50
h =  0.2 tau =  0.01
100
h =  0.1 tau =  0.01
1000
h =  0.01 tau =  0.01
10000
h =  0.001 tau =  0.01
   0.3    |   0.2    |   0.1    |   0.01   |  0.001   |
 300.000  | 300.000  | 300.000  | 300.000  | 300.000  |
 300.762  | 301.098  | 301.911  | 302.915  | 302.917  |
 302.841  | 304.022  | 306.388  | 308.039  | 308.042  |
 306.086  | 308.638  | 312.465  | 314.473  | 314.476  |
 310.351  | 314.246  | 319.630  | 321.857  | 321.859  |
 315.504  | 320.846  | 327.589  | 329.971  | 329.974  |
 321.427  | 328.251  | 336.157  | 338.664  | 338.666  |
 328.013  | 336.309  | 345.208  | 347.821  | 347.821  |
 335.170  | 344.899  | 354.649  | 357.352  | 357.351  |
 342.819  | 353.924  | 364.405  | 367.186  | 367.184  |
 350.888  | 363.304  | 374.419  | 377.264  | 377.261  |
 359.719  | 372.976  | 384.641  | 387.540  | 387.535  |
 368.428  | 382.887  | 395.030  | 397.970  | 397.963  |
 377.405  | 392.991  | 405.551  | 408.521  | 408.512  |
 386.610  | 403.251  | 416.173  | 419.163  | 419.152  |
 396.009  | 413.636  | 426.869  | 429.869  | 429.856  |
 405.571  | 424.117  | 437.616  | 440.617  | 440.602  |
 415.269  | 434.670  | 448.394  | 451.388  | 451.370  |
 425.078  | 445.274  | 459.183  | 462.164  | 462.143  |
 434.978  | 455.909  | 469.969  | 472.929  | 472.906  |
 444.947  | 466.559  | 480.737  | 483.670  | 483.644  |
 454.970  | 477.208  | 491.473  | 494.376  | 494.347  |
 465.030  | 487.843  | 502.166  | 505.034  | 505.002  |
 475.112  | 498.452  | 512.806  | 515.635  | 515.600  |
 485.204  | 509.022  | 523.384  | 526.171  | 526.133  |
 495.292  | 519.545  | 534.368  | 536.634  | 536.593  |
 505.367  | 530.010  | 544.735  | 547.017  | 546.973  |
 515.418  | 540.409  | 555.037  | 557.314  | 557.267  |
 525.435  | 550.735  | 565.730  | 567.519  | 567.469  |
 535.410  | 560.981  | 575.804  | 577.627  | 577.574  |
 545.335  | 571.140  | 585.802  | 587.635  | 587.578  |
 555.202  | 581.207  | 595.709  | 597.537  | 597.477  |
 565.005  | 591.177  | 605.516  | 607.331  | 607.268  |
 574.738  | 601.046  | 615.219  | 617.013  | 616.947  |
 584.394  | 610.808  | 624.811  | 626.581  | 626.511  |
 593.970  | 620.461  | 634.290  | 636.031  | 635.959  |
 603.459  | 630.001  | 644.094  | 645.363  | 645.287  |
 612.857  | 639.891  | 653.284  | 654.574  | 654.495  |
 622.161  | 649.160  | 662.369  | 663.662  | 663.580  |
 631.366  | 658.313  | 671.341  | 672.627  | 672.541  |
 640.470  | 667.348  | 680.194  | 681.466  | 681.377  |
 649.469  | 676.263  | 688.926  | 690.179  | 690.087  |
 658.360  | 685.054  | 698.737  | 698.765  | 698.670  |
 667.142  | 693.722  | 707.089  | 707.224  | 707.126  |
 676.240  | 702.264  | 715.353  | 715.555  | 715.453  |
 684.771  | 710.678  | 723.512  | 723.757  | 723.652  |
 693.189  | 718.966  | 731.557  | 731.831  | 731.723  |
 701.491  | 727.124  | 739.482  | 739.776  | 739.665  |
 709.675  | 735.154  | 747.286  | 747.592  | 747.478  |
 717.741  | 743.055  | 754.966  | 755.280  | 755.163  |
 725.687  | 750.827  | 762.522  | 762.839  | 762.719  |
 733.512  | 758.469  | 769.952  | 770.270  | 770.147  |
 741.216  | 765.981  | 777.257  | 777.573  | 777.448  |
 748.798  | 773.365  | 784.437  | 784.749  | 784.620  |
 756.257  | 780.619  | 791.491  | 791.798  | 791.666  |
 763.594  | 787.745  | 798.421  | 798.721  | 798.586  |
 770.807  | 794.743  | 805.226  | 805.517  | 805.380  |
 777.898  | 801.613  | 811.907  | 812.189  | 812.049  |
 784.865  | 808.357  | 818.464  | 818.736  | 818.593  |
 791.709  | 814.974  | 824.899  | 825.160  | 825.014  |
 798.430  | 821.465  | 831.211  | 831.460  | 831.312  |
 805.029  | 827.832  | 837.402  | 837.639  | 837.488  |
 811.506  | 834.074  | 843.473  | 843.696  | 843.542  |
 817.861  | 840.194  | 849.423  | 849.633  | 849.476  |
 824.094  | 846.191  | 855.254  | 855.451  | 855.291  |
 830.207  | 852.066  | 861.232  | 861.150  | 860.988  |
 836.199  | 857.822  | 867.062  | 866.731  | 866.566  |
 842.073  | 863.457  | 872.507  | 872.196  | 872.029  |
 847.827  | 868.975  | 877.844  | 877.545  | 877.375  |
 853.463  | 874.374  | 883.312  | 882.780  | 882.607  |
 858.983  | 879.658  | 888.651  | 887.900  | 887.726  |
 864.386  | 884.826  | 893.871  | 892.909  | 892.732  |
 869.673  | 889.879  | 898.949  | 897.806  | 897.626  |
 874.846  | 894.820  | 903.686  | 902.592  | 902.410  |
 879.905  | 899.648  | 908.324  | 907.269  | 907.085  |
 884.851  | 904.365  | 912.860  | 911.838  | 911.651  |
 889.686  | 908.973  | 917.294  | 916.299  | 916.110  |
 894.410  | 913.471  | 921.626  | 920.654  | 920.463  |
 899.024  | 917.862  | 925.855  | 924.904  | 924.711  |
 903.529  | 922.146  | 929.983  | 929.051  | 928.855  |
 907.927  | 926.325  | 934.009  | 933.094  | 932.896  |
 912.218  | 930.399  | 938.120  | 937.035  | 936.835  |
 916.403  | 934.370  | 941.936  | 940.876  | 940.674  |
 920.484  | 938.239  | 945.656  | 944.617  | 944.413  |
 924.462  | 942.007  | 949.279  | 948.259  | 948.053  |
 928.337  | 945.676  | 952.975  | 951.804  | 951.596  |
 932.111  | 949.245  | 956.728  | 955.253  | 955.042  |
 935.785  | 952.717  | 960.360  | 958.606  | 958.394  |
 939.360  | 956.093  | 963.568  | 961.865  | 961.651  |
 942.836  | 959.373  | 966.690  | 965.031  | 964.815  |
 946.216  | 962.559  | 969.725  | 968.105  | 967.887  |
 949.501  | 965.652  | 972.673  | 971.087  | 970.868  |
 952.690  | 968.652  | 975.534  | 973.980  | 973.759  |
 955.786  | 971.562  | 978.309  | 976.785  | 976.561  |
 958.790  | 974.382  | 980.998  | 979.501  | 979.276  |
 961.702  | 977.114  | 983.601  | 982.130  | 981.904  |
 964.524  | 979.757  | 986.121  | 984.674  | 984.446  |
 967.257  | 982.314  | 988.676  | 987.133  | 986.903  |
 969.901  | 984.786  | 991.025  | 989.509  | 989.277  |
 972.459  | 987.173  | 993.293  | 991.802  | 991.569  |
 974.931  | 989.477  | 995.588  | 994.013  | 993.779  |
 977.318  | 991.698  | 997.693  | 996.144  | 995.908  |
 979.621  | 993.838  | 999.720  | 998.196  | 997.958  |
 981.841  | 995.898  | 1001.767 | 1000.168 | 999.929  |
 983.979  | 997.878  | 1003.730 | 1002.064 | 1001.823 |
 986.037  | 999.781  | 1005.611 | 1003.882 | 1003.640 |
 988.016  | 1001.606 | 1007.328 | 1005.625 | 1005.381 |
 989.915  | 1003.354 | 1008.970 | 1007.294 | 1007.048 |
 991.738  | 1005.028 | 1010.540 | 1008.889 | 1008.642 |
 993.483  | 1006.627 | 1012.038 | 1010.411 | 1010.163 |
 995.153  | 1008.154 | 1013.536 | 1011.861 | 1011.612 |
 996.749  | 1009.607 | 1014.893 | 1013.241 | 1012.990 |
 998.271  | 1010.990 | 1016.181 | 1014.551 | 1014.299 |
 999.720  | 1012.302 | 1017.400 | 1015.792 | 1015.538 |
 1001.098 | 1013.545 | 1018.551 | 1016.964 | 1016.710 |
 1002.405 | 1014.719 | 1019.692 | 1018.070 | 1017.814 |
 1003.643 | 1015.825 | 1020.713 | 1019.110 | 1018.853 |
 1004.812 | 1016.865 | 1021.719 | 1020.084 | 1019.826 |
 1005.913 | 1017.840 | 1022.610 | 1020.994 | 1020.735 |
 1006.947 | 1018.749 | 1023.438 | 1021.840 | 1021.580 |
 1007.916 | 1019.595 | 1024.243 | 1022.624 | 1022.363 |
 1008.819 | 1020.377 | 1024.948 | 1023.346 | 1023.084 |
 1009.659 | 1021.098 | 1025.592 | 1024.007 | 1023.744 |
